33 78
-52 60
-70 -21
62 -47
85 -11
-76 11
-84 63
-9 39
40 -81
-38 77
26 -40
33 -44
-5 -54
-52 55
44 34
16 75
-66 -52
21 -6
-13 37
-14 -31
95 -20
-40 26
39 -49
82 -84
54 -83
28 -80
-3 28
73 -67
-45 -6
-40 97
15 -3
-99 -35
94 -99
25 89
56 -84
-82 0
-38 -96
100 -16
-41 39
60 13
81 18
-39 89
-16 29
5 48
-70 97
-88 6
-86 -48
-56 -20
90 -48
59 -52
24 -50
44 -15
-64 63
-5 7
33 -36
-17 74
-16 22
-30 38
-6 86
-46 -81
-47 91
-26 25
98 41
46 -70
97 68
9 -5
-57 -13
-74 -85
-3 -6
32 -21
74 1
40 -63
46 -2
6 29
-97 -40
-23 -59
-82 -8
33 8
-81 -36
71 57
24 -13
70 -32
99 68
70 -27
-97 -1
12 79
31 -11
10 55
56 41
20 -15
-54 53
89 95
5 11
-4 55
-58 -35
71 -76
-2 -68
86 -33
-30 -82
-69 37
